0 0 0 0 -46 
0 0 0 0 -46 
0 0 0 0 -46 
0 0 0 0 -46 
0 0 0 0 -46 
0 0 0 0 -46 
0 0 0 0 -46 
0 0 0 0 -46 
0 1 0 0 -46 
0 1 0 0 -46 
0 1 0 0 -46 
0 1 0 0 -46 
0 1 0 0 -49.3 
0 1 0 0 -49.3 
0 1 0 0 -49.3 
0 1 0 0 -49.3 
0 2 0 0 -49.3 
0 2 0 0 -49.3 
0 2 0 0 -49.3 
0 2 0 0 -49.3 
0 2 0 0 -53.1 
0 2 0 0 -53.1 
0 2 0 0 -53.1 
0 2 0 0 -53.1 
0 3 0 0 -53.1 
0 3 0 0 -53.1 
0 3 0 0 -53.1 
0 3 0 0 -53.1 
0 3 0 0 -68.4 
0 3 0 0 -68.4 
0 3 0 0 -68.4 
0 3 0 0 -68.4 
0 4 0 0 -68.4 
0 4 0 0 -68.4 
0 4 0 0 -68.4 
0 4 0 0 -68.4 
0 4 0 0 -76.8 
0 4 0 0 -76.8 
0 4 0 0 -76.8 
0 4 0 0 -76.8 
1 0 0 0 -76.8 
1 0 0 0 -76.8 
1 0 0 0 -76.8 
1 0 0 0 -76.8 
1 0 0 0 -46 
1 0 0 0 -46 
1 0 0 0 -46 
1 0 0 0 -46 
1 1 0 0 -46 
1 1 0 0 -46 
1 1 0 0 -46 
1 1 0 0 -46 
1 1 0 0 -49.3 
1 1 0 0 -49.3 
1 1 0 0 -49.3 
1 1 0 0 -49.3 
1 2 0 0 -49.3 
1 2 0 0 -49.3 
1 2 0 0 -49.3 
1 2 0 0 -49.3 
1 2 0 0 -53.1 
1 2 0 0 -53.1 
1 2 0 0 -53.1 
1 2 0 0 -53.1 
1 3 0 0 -53.1 
1 3 0 0 -53.1 
1 3 0 0 -53.1 
1 3 0 0 -53.1 
1 3 0 0 -68.4 
1 3 0 0 -68.4 
1 3 0 0 -68.4 
1 3 0 0 -68.4 
1 4 0 0 -68.4 
1 4 0 0 -68.4 
1 4 0 0 -68.4 
1 4 0 0 -68.4 
1 4 0 0 -76.8 
1 4 0 0 -76.8 
1 4 0 0 -76.8 
1 4 0 0 -76.8 
